SN码:H120YA-H12203222
FX:1905.6196882520
FY:1905.5712571096
CX:1923.1815098260
CY:1080.4403773648
K1:0.7935239810
K2:0.1234341707
P1:0.0001309181
P2:0.0000437100
K3:0.0032636995
K4:1.1570511139
K5:0.3190783724
K6:0.0197914198
RMS:0.0109
标定校验:null
是否写入: