SN码:H30YA-H12210699
FX:7418.5527180846
FY:7419.6644674172
CX:1938.4457244920
CY:1013.3254944173
K1:179.2137400445
K2:-35.1619945615
P1:0.0001131149
P2:0.0007499635
K3:-489.0334194227
K4:179.3529138194
K5:14.4550295208
K6:-443.8156401364
RMS:0.0287
标定校验:null
是否写入: